# COPYRIGHT: 2014-present
# AUTHOR: Zhifei Sun, zhifei.sun@duke.edu
# PURPOSE: Repository for custom functions used in every project

# GLOBAL CONSTANTS ---------------------------------------------------

# HISTOLOGY CODES
ICDO3_ADENOCARCINOMA <-c(8140,8141,8143,8144,8145,8147,8150,8210,8211,8260,8261,8262,8263,8310,8320,8323,8380,8401,8410,8440,8460,8470,8490,8500,8503,8510)
ICDO3_ADENOCARCINOMA_NEW <-c(8000,8010,8140:8145,8147,8150,8210,8211,8255,8260,8261,8262,8263,8310,8320,8323,8380,8401,8410,8440,8460,8470,8480,8481,8490,8500,8503,8510,8560)
ICDO3_ADENOCARCINOMA_OLD <-c(8140, 8141, 8143, 8144, 8145, 8147, 8150, 8210, 8211 ,8260, 8261, 8262, 8263, 8310, 8320, 8323, 8380, 8401, 8410, 8440, 8460, 8470, 8490, 8500, 8503, 8510)
ICD03_CARCINOID <- c(8240)
ICD03_MELANOMA <- c(8720:8746)
ICDO3_SQUAMOUS <- c(8050,8051,8052,8053,8060,8070,8071,8072,8073,8074,8075,8076,8077,8078,8083,8084)



